Arshile Gorky,Jean-Antoine Watteau,Gerhard Richter,Georgia O'Keeffe,Gustave Courbet,Piero della Francesca,Pieter Bruegel the Elder,Duccio,Jan van Eyck,Kazimir Malevich,Vincent van Gogh,James Ensor,Amedeo Modigliani,Paul Cezanne,Caspar David Friedrich,Francisco Goya,El Greco,Eugene Delacroix,Marcel Duchamp,Joachim Patinir,Caravaggio,Frida Kahlo,Hans Memling,Jasper Johns,John Constable,James Abbott McNeill Whistler,Francis Bacon (artist),Paul Gauguin,Pierre-Auguste Renoir,Paul Klee,Andy Warhol,Max Ernst,Hieronymus Bosch,Gustav Klimt,Leonardo da Vinci,Wassily Kandinsky,Georges de La Tour,Georges Braque,Willem de Kooning,El Lissitzky,Giotto,Umberto Boccioni,Hans Holbein the Younger,Andrea Mantegna,Jean-Baptiste-Camille Corot,Jean-Francois Millet,Franz Marc,Frans Hals,Edvard Munch,William Hogarth,Michelangelo,William Blake,Francisco de Zurbaran,Nicolas Poussin,Diego Velazquez,Sandro Botticelli,Piet Mondrian,Jackson Pollock,Giorgione,Edward Hopper,Claude Lorrain,Georges Seurat,Jean-Michel Basquiat,Theodore Gericault,David Hockney,Joan Miro,Roy Lichtenstein,Masaccio,Artemisia Gentileschi,Rogier van der Weyden,Rembrandt,Simone Martini,Dante Gabriel Rossetti,Tintoretto,Fernand Leger,Jean-Auguste-Dominique Ingres,Henri Matisse,Peter Paul Rubens,Raphael,J. M. W. Turner,Lucio Fontana,Edouard Manet,Rene Magritte,Marc Chagall,Giorgio de Chirico,Albrecht Durer,Pablo Picasso,Jacques-Louis David,Winslow Homer,Mark Rothko,Paolo Uccello,Salvador Dali,Egon Schiele,Frederic Edwin Church,Gustave Moreau,Cimabue,Johannes Vermeer,Edgar Degas,Fra Angelico,Titian,Claude Monet
1.0,0.350159,0.442977,0.522575,0.312423,0.458057,0.279597,0.433684,0.507972,0.390186,0.499022,0.802356,0.657244,0.230801,0.222061,0.464355,0.603934,0.502285,0.216236,0.417538,0.791205,0.290883,0.505494,0.498848,0.390848,0.195352,0.246088,0.561347,0.317104,0.521383,0.382245,0.481638,0.354358,0.57783,0.538754,0.457717,0.607794,0.575973,0.255324,0.255525,0.600161,0.539609,0.459271,0.222883,0.385065,0.284227,0.233137,0.343866,0.367816,0.750424,0.325598,0.585773,0.419241,0.321532,0.605599,0.322204,0.420692,0.244808,0.599279,0.430175,0.698794,0.693645,0.576164,0.212941,0.416528,0.366337,0.486062,0.464032,0.375532,0.400774,0.399133,0.195821,0.524308,0.214626,0.225577,0.284471,0.71523,0.583951,0.327826,0.619336,0.617733,0.78822,0.738934,0.309264,0.161512,0.40711,0.397541,0.503153,0.278829,0.305638,0.177793,0.274264,0.505364,0.578656,0.55893,0.227809,0.649647,0.465248,0.741882,0.49077,0.555318
0.350159,1.0,0.591382,0.474082,0.603189,0.428811,0.265079,0.528379,0.366215,0.319662,0.728191,0.594953,0.502839,0.201378,0.67199,0.421414,0.446339,0.748871,0.700598,0.544686,0.640263,0.715166,0.342091,0.522661,0.413403,0.66534,0.861141,0.517363,0.381901,0.536582,0.826255,0.394611,0.38205,0.286918,0.477125,0.573456,0.521205,0.42772,0.527441,0.596391,0.278527,0.476476,0.425233,0.313219,0.456254,0.705648,0.438929,0.92699,0.566232,0.536989,0.165607,0.603072,0.718882,0.623589,0.673378,0.668702,0.464211,0.698158,0.305139,0.492853,0.346417,0.543988,0.249263,0.323623,0.458304,0.799129,0.633429,0.346681,0.411095,0.535336,0.478256,0.59549,0.398247,0.544525,0.590412,0.241598,0.384935,0.495855,0.322541,0.311206,0.322154,0.485834,0.535376,0.97616,0.679944,0.592363,0.382724,0.404902,0.755814,0.415027,0.436131,0.364259,0.533599,0.333476,0.342546,0.674926,0.460508,0.240122,0.555794,0.588994,0.605531
0.442977,0.591382,1.0,0.583992,0.415959,0.448262,0.2088,0.458418,0.432689,0.497056,0.453444,0.583217,0.441043,0.383126,0.307357,0.429676,0.606272,0.702782,0.465906,0.496765,0.525775,0.433514,0.253713,0.584856,0.493667,0.369897,0.533683,0.537306,0.515102,0.417475,0.516513,0.533091,0.361106,0.346174,0.544232,0.50437,0.493611,0.592607,0.732058,0.627871,0.392865,0.587159,0.512222,0.284591,0.439004,0.683939,0.859934,0.660295,0.337758,0.56595,0.574028,0.635628,0.641853,0.362939,0.463876,0.727007,0.530799,0.356757,0.256955,0.63873,0.284937,0.490102,0.469161,0.269865,0.530641,0.458439,0.591926,0.410171,0.411052,0.441401,0.743069,0.326977,0.510769,0.277096,0.343562,0.287264,0.481204,0.533335,0.435804,0.252684,0.39899,0.487824,0.518265,0.598552,0.358856,0.800882,0.490911,0.502913,0.611707,0.459808,0.214411,0.79134,0.438958,0.389027,0.398214,0.365425,0.369535,0.400259,0.489936,0.599439,0.431576
0.522575,0.474082,0.583992,1.0,0.723043,0.672998,0.362847,0.588558,0.796993,0.748891,0.466458,0.565321,0.435309,0.167928,0.292332,0.713664,0.790728,0.620047,0.321468,0.576114,0.551997,0.371337,0.258209,0.802119,0.743893,0.254976,0.412295,0.691437,0.64019,0.515242,0.465932,0.838475,0.641452,0.45349,0.782987,0.536938,0.531522,0.667625,0.354398,0.397958,0.585375,0.726136,0.718308,0.247848,0.483806,0.61948,0.349159,0.483428,0.587925,0.549106,0.366451,0.763482,0.466747,0.371983,0.472366,0.403599,0.771366,0.310905,0.311348,0.538165,0.38391,0.411738,0.525771,0.340833,0.819631,0.461275,0.585952,0.601289,0.58946,0.679767,0.482027,0.25331,0.713161,0.273362,0.258714,0.489001,0.560093,0.572114,0.660106,0.264462,0.674013,0.483881,0.554574,0.434979,0.248463,0.500123,0.774787,0.894086,0.464841,0.700426,0.235642,0.347256,0.527159,0.548015,0.573378,0.283476,0.354659,0.767603,0.456922,0.646541,0.618916
0.312423,0.603189,0.415959,0.723043,1.0,0.632658,0.328743,0.497775,0.628855,0.610853,0.606938,0.478358,0.517968,0.121464,0.341587,0.615223,0.68365,0.634386,0.346861,0.413073,0.54554,0.431633,0.232207,0.548259,0.629003,0.417539,0.526641,0.620383,0.677557,0.520168,0.508565,0.558802,0.69834,0.484339,0.627035,0.456118,0.398062,0.58853,0.240498,0.280336,0.559837,0.450207,0.656795,0.221645,0.326389,0.442035,0.226873,0.568744,0.837549,0.45242,0.25019,0.436597,0.540485,0.351832,0.595429,0.44434,0.706344,0.391951,0.381187,0.441631,0.346161,0.423655,0.395278,0.22381,0.771872,0.614352,0.580829,0.579457,0.573578,0.533613,0.323637,0.254239,0.742026,0.261045,0.28568,0.46173,0.473161,0.415038,0.544467,0.282867,0.660536,0.409175,0.520408,0.595351,0.370704,0.390167,0.744019,0.619638,0.557071,0.680927,0.161561,0.239786,0.558828,0.529229,0.571874,0.291201,0.357227,0.371358,0.473583,0.436516,0.694125
0.458057,0.428811,0.448262,0.672998,0.632658,1.0,0.484104,0.367945,0.740851,0.506611,0.315096,0.576648,0.493358,0.154217,0.362371,0.626987,0.862677,0.741505,0.173573,0.497848,0.559347,0.439394,0.248186,0.619499,0.79432,0.334361,0.274988,0.695472,0.529481,0.622405,0.487932,0.584824,0.455341,0.307115,0.764515,0.380342,0.510937,0.547212,0.118372,0.30752,0.632507,0.622871,0.761388,0.203288,0.355989,0.417644,0.241593,0.362297,0.710703,0.539405,0.315597,0.487337,0.547621,0.32994,0.452146,0.399954,0.459556,0.276053,0.378424,0.470781,0.341975,0.545692,0.572701,0.197496,0.694857,0.5344,0.774934,0.705247,0.559806,0.552727,0.285922,0.163323,0.820638,0.185889,0.16381,0.456333,0.517652,0.501732,0.645343,0.36564,0.653011,0.577683,0.618825,0.423126,0.232646,0.258249,0.660842,0.608874,0.460703,0.404106,0.16343,0.160493,0.761335,0.590856,0.848532,0.215054,0.375302,0.440606,0.436083,0.605077,0.782275
0.279597,0.265079,0.2088,0.362847,0.328743,0.484104,1.0,0.249961,0.421961,0.359237,0.104817,0.245539,0.233486,0.108549,0.311464,0.446531,0.347474,0.516311,0.0972995,0.289406,0.258162,0.183349,0.163226,0.311074,0.326157,0.0831056,0.127555,0.330404,0.330851,0.528251,0.275267,0.301502,0.366112,0.114291,0.39311,0.242897,0.356091,0.199401,0.0403839,0.269582,0.200501,0.435022,0.376299,0.157143,0.192726,0.106878,0.118091,0.163816,0.281452,0.419741,0.222094,0.278969,0.390789,0.195298,0.0824676,0.227834,0.353974,0.197361,0.0116753,0.144332,0.153521,0.210421,0.319293,0.0776848,0.377482,0.288552,0.597592,0.198096,0.405602,0.306792,0.173691,0.23164,0.370876,0.205318,0.0934063,0.184661,0.270876,0.346125,0.301515,0.251373,0.23037,0.258574,0.321392,0.253156,0.0902807,0.0458558,0.259888,0.317026,0.353765,0.370198,0.189084,0.0195659,0.564487,0.229556,0.444732,0.213735,0.25806,0.264627,0.186982,0.353343,0.421972
0.433684,0.528379,0.458418,0.588558,0.497775,0.367945,0.249961,1.0,0.334937,0.397281,0.636443,0.568246,0.349421,0.176854,0.227477,0.757301,0.420068,0.462298,0.324727,0.784342,0.541937,0.342724,0.375416,0.492267,0.43149,0.229636,0.430237,0.579184,0.431594,0.677376,0.411275,0.453794,0.391847,0.38937,0.493423,0.914665,0.751512,0.485043,0.354294,0.464859,0.280328,0.456423,0.471784,0.242775,0.698351,0.403822,0.288698,0.512944,0.332757,0.513739,0.30984,0.58223,0.593187,0.31936,0.45058,0.43079,0.504309,0.322625,0.179075,0.377873,0.313589,0.317143,0.410628,0.395119,0.569553,0.416561,0.522309,0.231137,0.453285,0.418556,0.396451,0.213683,0.391928,0.230696,0.201341,0.271236,0.494926,0.590848,0.343163,0.257833,0.343023,0.455098,0.52358,0.525491,0.218719,0.436752,0.517981,0.430555,0.526153,0.452236,0.159526,0.270484,0.441159,0.318409,0.268337,0.264941,0.401844,0.353535,0.529142,0.736361,0.321688
0.507972,0.366215,0.432689,0.796993,0.628855,0.740851,0.421962,0.334937,1.0,0.617323,0.225304,0.534057,0.442871,0.18498,0.272731,0.506593,0.780164,0.574778,0.24628,0.423982,0.513281,0.304654,0.232527,0.706417,0.656791,0.2443,0.249741,0.636977,0.670608,0.584808,0.383338,0.678278,0.654175,0.457073,0.762102,0.35321,0.452988,0.638879,0.241074,0.347461,0.686793,0.731114,0.698009,0.14532,0.357282,0.494757,0.248997,0.314628,0.663737,0.534128,0.323128,0.60454,0.332124,0.328654,0.402146,0.306538,0.626246,0.221582,0.537618,0.446348,0.363212,0.492941,0.535001,0.197047,0.670455,0.426648,0.504616,0.816932,0.631837,0.567791,0.328851,0.198554,0.775386,0.223362,0.26828,0.445823,0.57366,0.504648,0.597482,0.404536,0.779984,0.514259,0.554499,0.310879,0.177759,0.376788,0.659732,0.813293,0.320165,0.572677,0.207196,0.256805,0.63266,0.751297,0.773282,0.231872,0.374217,0.766124,0.37775,0.517716,0.754088
0.390186,0.319662,0.497056,0.748891,0.610853,0.506611,0.359237,0.397281,0.617323,1.0,0.300083,0.436528,0.244093,0.196929,0.233031,0.465277,0.638303,0.536967,0.206223,0.371653,0.4374,0.306368,0.387143,0.536141,0.52629,0.229234,0.221768,0.590552,0.70368,0.420776,0.334893,0.854429,0.709131,0.641068,0.714857,0.367085,0.460062,0.419186,0.157742,0.189658,0.667859,0.671289,0.58589,0.275221,0.331609,0.321175,0.319161,0.311336,0.52957,0.421058,0.569958,0.544451,0.246905,0.316703,0.343986,0.257756,0.769579,0.226494,0.287615,0.480689,0.284664,0.293652,0.699996,0.269417,0.65011,0.386161,0.39104,0.583203,0.537052,0.375201,0.211761,0.166793,0.650653,0.264387,0.172158,0.436664,0.663534,0.521519,0.585061,0.343311,0.691997,0.453036,0.55268,0.268589,0.111423,0.206272,0.632052,0.792676,0.2723,0.723613,0.221349,0.253109,0.578278,0.634659,0.550426,0.203371,0.395575,0.63259,0.478917,0.501658,0.483365
0.499022,0.728191,0.453443,0.466458,0.606938,0.315096,0.104817,0.636443,0.225303,0.300083,1.0,0.651833,0.716502,0.135169,0.36004,0.556477,0.390398,0.537085,0.448797,0.527341,0.703019,0.495518,0.504747,0.4732,0.282674,0.5979,0.657437,0.510368,0.362657,0.433325,0.537464,0.329827,0.40778,0.465479,0.390876,0.689617,0.523338,0.55481,0.416832,0.451348,0.304758,0.341743,0.37034,0.315285,0.466169,0.488555,0.295361,0.713563,0.465075,0.561153,0.210567,0.498855,0.711812,0.373942,0.804847,0.587825,0.4572,0.467518,0.401604,0.413299,0.499727,0.499952,0.311364,0.37756,0.492412,0.649835,0.540576,0.175725,0.40114,0.437994,0.462694,0.345343,0.37667,0.336112,0.342084,0.262947,0.481499,0.494959,0.259346,0.438513,0.370187,0.520615,0.571691,0.731166,0.442533,0.555284,0.454187,0.373859,0.727644,0.407643,0.221253,0.323037,0.377634,0.320227,0.248873,0.38194,0.574914,0.215756,0.703437,0.487311,0.422279
0.802356,0.594953,0.583217,0.565321,0.478358,0.576648,0.245539,0.568246,0.534057,0.436528,0.651833,1.0,0.727318,0.212603,0.358908,0.531793,0.689608,0.653871,0.311668,0.613602,0.947305,0.487699,0.620048,0.626171,0.4666,0.36974,0.433806,0.628015,0.419617,0.596803,0.522988,0.521795,0.404854,0.685621,0.680308,0.634199,0.736255,0.638197,0.356634,0.510618,0.646029,0.545979,0.551081,0.275399,0.564009,0.502283,0.362681,0.547142,0.487305,0.864814,0.320586,0.634673,0.694799,0.342412,0.744241,0.574044,0.487496,0.329701,0.718795,0.490373,0.589231,0.853909,0.573317,0.329426,0.511858,0.526302,0.689518,0.607689,0.44357,0.555282,0.500978,0.205826,0.61335,0.216694,0.259793,0.347108,0.781069,0.651232,0.410007,0.7809,0.673266,0.845815,0.798171,0.573638,0.255257,0.512633,0.479041,0.526831,0.537803,0.391902,0.16907,0.345568,0.66409,0.70187,0.59572,0.304763,0.743717,0.389461,0.823384,0.675202,0.616584
0.657244,0.502839,0.441043,0.435309,0.517968,0.493358,0.233486,0.349421,0.442871,0.244093,0.716502,0.727318,1.0,0.186435,0.192585,0.523709,0.582293,0.483737,0.24456,0.35857,0.719302,0.267649,0.450197,0.41972,0.394017,0.54344,0.405436,0.472445,0.280365,0.418693,0.330192,0.247843,0.350261,0.506923,0.46217,0.420547,0.46907,0.613046,0.360934,0.364053,0.515808,0.355704,0.487392,0.329157,0.267656,0.392337,0.300312,0.468493,0.449889,0.664176,0.19992,0.334833,0.592978,0.173847,0.743063,0.545549,0.336797,0.232161,0.69962,0.541441,0.592399,0.618951,0.357904,0.187315,0.474636,0.513624,0.55703,0.441314,0.391568,0.406179,0.467903,0.218608,0.502778,0.15263,0.235664,0.245628,0.545639,0.444343,0.257209,0.596379,0.570815,0.632303,0.596624,0.498286,0.232329,0.560085,0.454164,0.346198,0.577429,0.325786,0.0976408,0.371187,0.483695,0.546729,0.497804,0.189483,0.620981,0.23911,0.631168,0.36176,0.534251
0.230801,0.201378,0.383126,0.167928,0.121464,0.154217,0.108549,0.176854,0.18498,0.196929,0.135169,0.212603,0.186435,1.0,0.151208,0.185636,0.204693,0.257724,0.122384,0.205544,0.216763,0.208792,0.155216,0.234574,0.162145,0.0376657,0.150274,0.210082,0.224286,0.323705,0.230212,0.165147,0.202707,0.144883,0.182544,0.178724,0.239587,0.209068,0.193594,0.216918,0.136299,0.25689,0.177334,0.265287,0.124351,0.221151,0.254464,0.200696,0.135759,0.269995,0.27705,0.220767,0.198253,0.172529,0.170163,0.229482,0.197708,0.116991,0.120009,0.286931,0.173426,0.213355,0.22786,0.0166337,0.191014,0.150736,0.203994,0.190189,0.15816,0.212247,0.340884,0.0960301,0.180161,0.114991,0.125065,0.124151,0.192307,0.220069,0.162391,0.16615,0.154358,0.285487,0.268895,0.187306,0.0963189,0.280735,0.19566,0.152043,0.17634,0.17217,0.0935144,0.275434,0.202057,0.166719,0.178186,0.138789,0.194864,0.117544,0.189284,0.233968,0.134839
0.222061,0.67199,0.307357,0.292332,0.341587,0.36237,0.311464,0.227477,0.272731,0.233031,0.36004,0.358908,0.192585,0.151208,1.0,0.259492,0.3028,0.610832,0.75253,0.362452,0.410114,0.891635,0.150009,0.249023,0.320927,0.326167,0.718277,0.312698,0.233295,0.403619,0.876769,0.263539,0.248104,0.121704,0.386973,0.229903,0.295031,0.242061,0.285048,0.252473,0.183885,0.2735,0.348571,0.111662,0.376606,0.385139,0.280465,0.52857,0.403195,0.423994,0.103947,0.30895,0.407038,0.844889,0.424472,0.418849,0.275746,0.883382,0.163989,0.243652,0.23711,0.388879,0.207206,0.345931,0.269349,0.531139,0.460138,0.271225,0.240674,0.30831,0.287957,0.800592,0.233937,0.850331,0.766825,0.171549,0.196618,0.269462,0.291826,0.326538,0.246875,0.260672,0.283849,0.655127,0.796908,0.206863,0.248614,0.246751,0.411454,0.189598,0.837187,0.12292,0.400957,0.190037,0.248276,0.879075,0.206095,0.125835,0.229621,0.410921,0.563244
0.464355,0.421414,0.429676,0.713664,0.615223,0.626987,0.446531,0.757301,0.506593,0.465276,0.556477,0.531793,0.523709,0.185636,0.259492,1.0,0.660864,0.515247,0.229762,0.767894,0.531211,0.373501,0.263168,0.562095,0.731098,0.272706,0.340634,0.684507,0.530008,0.69354,0.392246,0.515187,0.535952,0.276115,0.626604,0.718635,0.698753,0.676692,0.262003,0.364615,0.354232,0.527962,0.764782,0.264002,0.625709,0.401982,0.224048,0.38776,0.468926,0.64128,0.258644,0.491838,0.576355,0.298292,0.505063,0.479565,0.579829,0.267429,0.188225,0.389081,0.454774,0.363856,0.444157,0.250302,0.828489,0.455963,0.683953,0.347802,0.617006,0.511256,0.431368,0.187494,0.508621,0.205538,0.136124,0.444236,0.434506,0.593404,0.554663,0.290586,0.476953,0.434295,0.504235,0.431933,0.179358,0.383487,0.79009,0.509712,0.540763,0.558273,0.149963,0.231401,0.541279,0.395719,0.475018,0.195712,0.321159,0.363521,0.391253,0.736111,0.454435
0.603934,0.446339,0.606272,0.790728,0.68365,0.862677,0.347474,0.420068,0.780164,0.638303,0.390398,0.689608,0.582293,0.204693,0.3028,0.660864,1.0,0.714358,0.233171,0.521607,0.668552,0.399381,0.340231,0.710272,0.821419,0.314927,0.314193,0.749503,0.579409,0.59105,0.487999,0.70186,0.535705,0.500421,0.793273,0.412945,0.581327,0.707752,0.254892,0.338132,0.743729,0.701707,0.82545,0.195639,0.412784,0.506599,0.339605,0.440104,0.698335,0.645971,0.361313,0.588205,0.507243,0.351829,0.539832,0.467504,0.592289,0.253555,0.52345,0.552826,0.543665,0.626078,0.612825,0.179262,0.782101,0.511557,0.663416,0.787801,0.558335,0.632493,0.437431,0.175672,0.821674,0.201261,0.197313,0.456293,0.647006,0.573562,0.639951,0.422303,0.778163,0.667844,0.702875,0.416974,0.204155,0.456127,0.749565,0.700097,0.409104,0.525349,0.160893,0.298372,0.689152,0.681615,0.7955,0.21126,0.474124,0.499464,0.560314,0.641489,0.777029
0.502285,0.748871,0.702782,0.620047,0.634386,0.741505,0.516311,0.462298,0.574778,0.536967,0.537085,0.653871,0.483737,0.257724,0.610832,0.515247,0.714358,1.0,0.522352,0.493728,0.683852,0.686982,0.256876,0.603764,0.5504,0.486214,0.6329,0.624844,0.547999,0.591925,0.752446,0.609638,0.488076,0.373922,0.66655,0.483116,0.53281,0.551904,0.443955,0.555301,0.565195,0.676408,0.583195,0.335505,0.450745,0.564147,0.482752,0.715246,0.668774,0.671306,0.356392,0.641978,0.79331,0.592767,0.612162,0.653779,0.590622,0.555621,0.332612,0.439221,0.337468,0.614876,0.54354,0.226228,0.584403,0.683264,0.850154,0.522858,0.491989,0.532393,0.503352,0.475869,0.752367,0.468259,0.458138,0.386993,0.550428,0.521997,0.533033,0.371252,0.549821,0.607721,0.657998,0.746893,0.533648,0.514833,0.518686,0.586276,0.719367,0.473617,0.389502,0.388215,0.69461,0.49051,0.699659,0.543114,0.431469,0.387523,0.544521,0.645522,0.742005
0.216236,0.700598,0.465906,0.321468,0.346861,0.173573,0.0972996,0.324727,0.24628,0.206223,0.448797,0.311668,0.24456,0.122384,0.75253,0.229762,0.233171,0.522352,1.0,0.29821,0.332708,0.684347,0.140417,0.241291,0.224002,0.277985,0.906547,0.319608,0.26314,0.35311,0.810613,0.247325,0.213993,0.203311,0.345701,0.315956,0.284886,0.319397,0.697887,0.371601,0.205627,0.347572,0.254672,0.168699,0.340278,0.546368,0.52157,0.740191,0.294652,0.286294,0.157462,0.329856,0.414237,0.84825,0.326848,0.366461,0.318524,0.890017,0.251063,0.314436,0.112051,0.259611,0.193281,0.313409,0.284069,0.412263,0.289904,0.235347,0.263838,0.231967,0.284827,0.931494,0.212949,0.884034,0.912036,0.169978,0.227516,0.30013,0.237411,0.173171,0.235209,0.248544,0.283924,0.693236,0.921074,0.474845,0.260379,0.278386,0.459953,0.252656,0.833902,0.474078,0.254136,0.230266,0.172826,0.944785,0.183627,0.174777,0.306145,0.330844,0.439931
0.417538,0.544686,0.496765,0.576114,0.413073,0.497848,0.289406,0.784342,0.423982,0.371653,0.527341,0.613602,0.35857,0.205544,0.362452,0.767894,0.521607,0.493728,0.29821,1.0,0.601873,0.506275,0.316831,0.513356,0.577611,0.321486,0.407261,0.625527,0.481957,0.745891,0.523021,0.422464,0.427664,0.239342,0.552193,0.8286,0.776784,0.515731,0.274217,0.54285,0.239699,0.518998,0.628163,0.275862,0.859191,0.526249,0.288873,0.476191,0.35263,0.641328,0.281506,0.590159,0.566778,0.391354,0.517039,0.477671,0.471032,0.322067,0.161921,0.425296,0.441844,0.430136,0.372866,0.301705,0.615167,0.524984,0.619209,0.344037,0.496026,0.433671,0.407984,0.195178,0.392136,0.24783,0.189284,0.314164,0.412189,0.633241,0.435601,0.377664,0.358195,0.44,0.488474,0.534745,0.195974,0.34925,0.603852,0.414425,0.432258,0.446711,0.194998,0.222987,0.577317,0.356819,0.346054,0.279327,0.391682,0.32114,0.443019,0.931503,0.420016
0.791205,0.640263,0.525776,0.551997,0.54554,0.559347,0.258162,0.541937,0.513281,0.4374,0.703019,0.947305,0.719302,0.216763,0.410114,0.531211,0.668552,0.683852,0.332708,0.601873,1.0,0.550938,0.581254,0.599792,0.460379,0.406364,0.481703,0.618415,0.451264,0.588314,0.605255,0.50641,0.456343,0.654416,0.621941,0.602257,0.706551,0.640585,0.308114,0.484063,0.61044,0.562202,0.558297,0.348294,0.52892,0.488795,0.295596,0.600868,0.592843,0.839799,0.321236,0.618703,0.689782,0.432708,0.796632,0.587731,0.494098,0.394093,0.700691,0.454564,0.682586,0.839265,0.549279,0.196392,0.526826,0.629258,0.67055,0.571143,0.432439,0.522825,0.446957,0.23354,0.594138,0.277214,0.291737,0.359941,0.744792,0.617459,0.406729,0.786492,0.645442,0.82898,0.802011,0.634183,0.311266,0.449407,0.477456,0.526356,0.507478,0.392155,0.184508,0.296046,0.691973,0.652734,0.577734,0.336421,0.734848,0.373011,0.820377,0.63297,0.691278
0.290883,0.715166,0.433514,0.371337,0.431633,0.439394,0.183349,0.342724,0.304654,0.306368,0.495518,0.487699,0.267649,0.208792,0.891635,0.373501,0.399381,0.686982,0.684347,0.506275,0.550938,1.0,0.212991,0.339988,0.380933,0.384393,0.726088,0.379086,0.356461,0.424289,0.892475,0.320776,0.339405,0.213596,0.4218,0.37124,0.431576,0.398898,0.347317,0.358654,0.252453,0.347987,0.41911,0.246498,0.509112,0.495121,0.358014,0.622635,0.509239,0.54435,0.207892,0.406502,0.550504,0.807637,0.563837,0.529557,0.362344,0.80782,0.222073,0.253161,0.297086,0.511784,0.302447,0.243145,0.373211,0.636817,0.59193,0.315323,0.282875,0.34262,0.34404,0.627851,0.342995,0.711013,0.678708,0.210367,0.303905,0.345517,0.341006,0.431236,0.315242,0.387448,0.41351,0.730033,0.76878,0.281137,0.380374,0.327718,0.503637,0.251854,0.649743,0.244501,0.492631,0.273956,0.319711,0.771037,0.298148,0.178658,0.347841,0.548438,0.58905
0.505494,0.342091,0.253713,0.258209,0.232207,0.248186,0.163226,0.375416,0.232527,0.387143,0.504747,0.620048,0.450197,0.155216,0.150009,0.263168,0.340231,0.256876,0.140417,0.316831,0.581254,0.212991,1.0,0.353442,0.129989,0.210448,0.167163,0.436392,0.222565,0.405668,0.273569,0.36168,0.233419,0.703154,0.400667,0.472736,0.689035,0.381817,0.0652111,0.21484,0.401415,0.40987,0.208519,0.138753,0.22748,0.282782,0.0821742,0.325269,0.229592,0.371237,0.315156,0.376074,0.27008,0.168712,0.30492,0.283718,0.268493,0.171923,0.556179,0.282876,0.368836,0.3639,0.50963,0.33343,0.262606,0.286689,0.294459,0.325225,0.291557,0.307228,0.205552,0.0618716,0.248673,0.124278,0.0106716,0.169173,0.731402,0.609145,0.233627,0.64321,0.374709,0.775589,0.764712,0.314718,0.0576325,0.275653,0.223761,0.320786,0.278496,0.195532,0.0507314,0.0592811,0.517026,0.520476,0.234586,0.12316,0.914785,0.235805,0.805772,0.347307,0.317603
0.498848,0.522661,0.584856,0.802119,0.548259,0.619499,0.311074,0.492267,0.706417,0.536141,0.4732,0.626171,0.41972,0.234574,0.249023,0.562095,0.710272,0.603764,0.24129,0.513356,0.599792,0.339988,0.353442,1.0,0.603152,0.338426,0.368435,0.654748,0.493375,0.477548,0.424334,0.68799,0.447561,0.39979,0.711598,0.510584,0.508099,0.663727,0.334197,0.438223,0.443996,0.735486,0.569067,0.300624,0.389379,0.634406,0.365277,0.527225,0.497038,0.584886,0.394358,0.784943,0.552212,0.284866,0.473124,0.501463,0.535747,0.225825,0.356988,0.484446,0.407008,0.546497,0.498172,0.296187,0.641674,0.51487,0.594114,0.482177,0.516595,0.89552,0.598597,0.139564,0.538954,0.159444,0.166339,0.416499,0.567263,0.573752,0.586479,0.357012,0.475771,0.551789,0.607477,0.494757,0.196708,0.501403,0.585129,0.77974,0.521007,0.436552,0.109422,0.355758,0.497063,0.478478,0.520548,0.207709,0.410639,0.684749,0.541819,0.590461,0.556781
0.390848,0.413403,0.493667,0.743892,0.629003,0.79432,0.326157,0.43149,0.656791,0.52629,0.282674,0.4666,0.394017,0.162145,0.320927,0.731098,0.821419,0.5504,0.224002,0.577611,0.460379,0.380934,0.129989,0.603152,1.0,0.266612,0.278538,0.800599,0.611621,0.592925,0.457439,0.58206,0.543927,0.222533,0.707895,0.428823,0.502239,0.555057,0.167018,0.240199,0.447899,0.555395,0.936632,0.196226,0.430594,0.427549,0.281015,0.363672,0.55837,0.513291,0.281812,0.523655,0.378406,0.309064,0.402784,0.356123,0.604072,0.256369,0.234811,0.552534,0.415675,0.451011,0.439513,0.245928,0.859067,0.47481,0.578312,0.649696,0.662128,0.570376,0.347178,0.146501,0.624955,0.169532,0.160342,0.455122,0.384275,0.594205,0.62247,0.21844,0.565182,0.43138,0.508193,0.384231,0.18192,0.308252,0.847342,0.562575,0.340532,0.598322,0.155223,0.219405,0.555889,0.446403,0.592972,0.197537,0.234411,0.369091,0.314981,0.639239,0.586572
0.195352,0.66534,0.369897,0.254976,0.417539,0.334361,0.0831056,0.229636,0.2443,0.229234,0.5979,0.36974,0.54344,0.0376657,0.326167,0.272706,0.314927,0.486214,0.277985,0.321486,0.406364,0.384394,0.210448,0.338426,0.266612,1.0,0.457089,0.330833,0.228804,0.255454,0.370255,0.212363,0.233876,0.124755,0.293768,0.311972,0.272761,0.242625,0.262302,0.362723,0.169756,0.329289,0.2992,0.251023,0.242678,0.448144,0.241298,0.551502,0.424172,0.383422,0.112933,0.336433,0.517643,0.202137,0.675139,0.535102,0.251019,0.233326,0.198901,0.389837,0.289897,0.344778,0.173291,0.227166,0.270819,0.791632,0.434451,0.204269,0.34912,0.31185,0.299766,0.225144,0.250392,0.185074,0.236078,0.154677,0.254274,0.334324,0.179996,0.191228,0.211057,0.27559,0.3212,0.649582,0.259179,0.380561,0.259258,0.249539,0.615956,0.240037,0.142429,0.209845,0.378173,0.215171,0.247565,0.230134,0.332245,0.182094,0.316719,0.395801,0.325504
0.246088,0.861141,0.533683,0.412295,0.526641,0.274988,0.127555,0.430237,0.249741,0.221768,0.657437,0.433806,0.405436,0.150274,0.718277,0.340634,0.314193,0.6329,0.906547,0.407261,0.481703,0.726088,0.167163,0.368435,0.278538,0.457089,1.0,0.354844,0.2953,0.367895,0.84749,0.279891,0.26811,0.226897,0.369933,0.422263,0.329732,0.377779,0.698126,0.522154,0.223723,0.342131,0.300449,0.241998,0.378512,0.680861,0.511228,0.890661,0.459951,0.383033,0.12433,0.429617,0.634332,0.74601,0.52739,0.523823,0.373608,0.842948,0.267147,0.370258,0.194443,0.368161,0.168205,0.306836,0.373296,0.581808,0.479422,0.229147,0.260641,0.377633,0.371768,0.815645,0.301748,0.751698,0.810076,0.180828,0.250444,0.307911,0.257838,0.217993,0.261606,0.312845,0.339892,0.878162,0.897283,0.550589,0.318472,0.334551,0.652149,0.325237,0.657107,0.479571,0.336937,0.227268,0.222504,0.843594,0.266003,0.190805,0.410767,0.418163,0.523124
0.561347,0.517363,0.537306,0.691437,0.620383,0.695472,0.330404,0.579184,0.636977,0.590552,0.510368,0.628015,0.472445,0.210082,0.312698,0.684507,0.749503,0.624844,0.319608,0.625527,0.618415,0.379086,0.436392,0.654748,0.800599,0.330833,0.354844,1.0,0.702348,0.721998,0.506872,0.611412,0.686797,0.452711,0.740819,0.611348,0.646657,0.641136,0.217464,0.34963,0.528903,0.693565,0.83716,0.322282,0.487608,0.458427,0.280704,0.499644,0.544881,0.581191,0.361736,0.660991,0.475118,0.362857,0.503765,0.36521,0.692605,0.29381,0.419008,0.601491,0.421712,0.542838,0.587032,0.488393,0.846309,0.527154,0.590884,0.641328,0.847172,0.577244,0.363872,0.202973,0.677617,0.241671,0.212231,0.445408,0.591398,0.879152,0.571981,0.399769,0.635841,0.656053,0.730177,0.4715,0.199622,0.402291,0.831143,0.570076,0.45622,0.65333,0.177294,0.216952,0.597901,0.587516,0.625639,0.255092,0.504771,0.38045,0.640625,0.708141,0.584987
0.317104,0.381901,0.515102,0.64019,0.677557,0.529481,0.330851,0.431594,0.670608,0.70368,0.362657,0.419617,0.280365,0.224286,0.233295,0.530008,0.579409,0.547999,0.26314,0.481957,0.451264,0.356461,0.222565,0.493375,0.611621,0.228804,0.2953,0.702348,1.0,0.585427,0.407559,0.601511,0.883835,0.473442,0.637523,0.477474,0.443042,0.555628,0.272204,0.330054,0.498357,0.563125,0.720244,0.17451,0.49755,0.359059,0.379507,0.382059,0.58762,0.50623,0.472235,0.484026,0.378546,0.301808,0.415262,0.313803,0.86708,0.209338,0.339858,0.404812,0.266842,0.374279,0.533728,0.226576,0.760629,0.419889,0.444555,0.593095,0.736091,0.315547,0.27433,0.118832,0.682082,0.179872,0.19012,0.526821,0.489756,0.56086,0.58619,0.366008,0.643469,0.381366,0.491998,0.358043,0.168862,0.290963,0.775731,0.581576,0.340934,0.841908,0.100165,0.361213,0.534519,0.600962,0.555361,0.196328,0.308641,0.458887,0.377813,0.530431,0.51946
0.521383,0.536582,0.417475,0.515242,0.520168,0.622405,0.528251,0.677376,0.584808,0.420776,0.433325,0.596803,0.418693,0.323705,0.403619,0.69354,0.59105,0.591925,0.35311,0.745891,0.588314,0.42429,0.405668,0.477548,0.592925,0.255454,0.367895,0.721998,0.585427,1.0,0.560642,0.413164,0.559727,0.331313,0.594796,0.717222,0.78932,0.495682,0.198338,0.380749,0.434729,0.593834,0.66976,0.228366,0.673469,0.302804,0.220595,0.462875,0.538751,0.622257,0.254797,0.474127,0.524476,0.477392,0.410356,0.345473,0.547266,0.400261,0.330881,0.459941,0.379214,0.499731,0.453339,0.239072,0.62525,0.526485,0.623575,0.51046,0.630772,0.401176,0.287474,0.317205,0.553839,0.344306,0.317221,0.326285,0.547636,0.678251,0.415522,0.431622,0.500925,0.598752,0.648869,0.515062,0.26774,0.310112,0.56745,0.401042,0.376315,0.493343,0.273571,0.138557,0.747991,0.532714,0.596893,0.370948,0.469356,0.287603,0.525901,0.742433,0.611156
0.382245,0.826255,0.516513,0.465932,0.508565,0.487932,0.275267,0.411275,0.383338,0.334893,0.537464,0.522988,0.330192,0.230212,0.876769,0.392246,0.487999,0.752446,0.810613,0.523021,0.605255,0.892475,0.273569,0.424334,0.457439,0.370255,0.84749,0.506872,0.407559,0.560642,1.0,0.387563,0.377109,0.23084,0.485587,0.424138,0.482675,0.413621,0.457509,0.43867,0.316055,0.478637,0.469076,0.234499,0.487671,0.615021,0.422984,0.796163,0.574231,0.520169,0.206058,0.512367,0.583222,0.888397,0.517392,0.492893,0.44062,0.871892,0.29136,0.417715,0.339269,0.51802,0.304757,0.266693,0.44669,0.662238,0.588426,0.400086,0.364881,0.422459,0.352253,0.758989,0.423435,0.787876,0.75479,0.238577,0.348023,0.456314,0.37839,0.382721,0.359578,0.474237,0.504375,0.830076,0.837875,0.405165,0.403109,0.386554,0.493119,0.330501,0.687812,0.3056,0.553604,0.308115,0.385885,0.852876,0.35919,0.225515,0.471736,0.567023,0.718517
0.481638,0.394611,0.533091,0.838475,0.558802,0.584824,0.301502,0.453794,0.678278,0.854429,0.329827,0.521795,0.247843,0.165147,0.263539,0.515187,0.70186,0.609638,0.247325,0.422464,0.50641,0.320777,0.36168,0.68799,0.58206,0.212363,0.279891,0.611412,0.601511,0.413164,0.387563,1.0,0.555661,0.550334,0.830737,0.43989,0.500872,0.487786,0.252394,0.28194,0.668664,0.747663,0.566075,0.245891,0.356858,0.477033,0.292996,0.390212,0.52353,0.462834,0.421675,0.73529,0.340757,0.341557,0.385777,0.301733,0.722914,0.250548,0.289637,0.448889,0.332361,0.383698,0.653258,0.32037,0.62601,0.373012,0.464013,0.588444,0.478456,0.534729,0.314137,0.207101,0.663824,0.269357,0.192579,0.614125,0.647369,0.506534,0.747018,0.257787,0.674299,0.494914,0.59028,0.324865,0.152843,0.370016,0.605399,0.886577,0.380113,0.587908,0.246134,0.253069,0.521239,0.611776,0.577522,0.247045,0.377514,0.768998,0.494659,0.567197,0.547882
0.354358,0.38205,0.361106,0.641453,0.69834,0.455341,0.366112,0.391847,0.654175,0.709131,0.40778,0.404854,0.350261,0.202707,0.248104,0.535952,0.535705,0.488076,0.213993,0.427664,0.456343,0.339405,0.233419,0.447561,0.543927,0.233876,0.26811,0.686797,0.883835,0.559727,0.377109,0.555661,1.0,0.440501,0.557287,0.399735,0.396586,0.580157,0.132294,0.322713,0.473599,0.512973,0.674213,0.263038,0.411872,0.309602,0.184757,0.35561,0.576002,0.509648,0.251163,0.439652,0.31479,0.291246,0.46628,0.309124,0.861126,0.198802,0.351761,0.398857,0.312149,0.370248,0.380319,0.24662,0.784962,0.413797,0.402887,0.556578,0.751141,0.343082,0.270571,0.133159,0.647591,0.199081,0.190835,0.44227,0.402179,0.549007,0.467115,0.361119,0.659069,0.353152,0.431468,0.345476,0.130283,0.269287,0.760759,0.561724,0.308286,0.896065,0.108849,0.172319,0.476017,0.579059,0.517618,0.187473,0.316394,0.402576,0.365148,0.464996,0.494097
0.57783,0.286918,0.346174,0.45349,0.484339,0.307115,0.114291,0.38937,0.457073,0.641068,0.465479,0.685621,0.506922,0.144883,0.121704,0.276115,0.500421,0.373922,0.203311,0.239342,0.654416,0.213596,0.703154,0.39979,0.222533,0.124755,0.226897,0.452711,0.473442,0.331313,0.23084,0.550334,0.440501,1.0,0.54544,0.418685,0.515224,0.448685,0.193566,0.106635,0.778298,0.424409,0.347831,0.186886,0.272655,0.188182,0.211869,0.295849,0.430944,0.48092,0.486366,0.396785,0.268448,0.197781,0.463874,0.240293,0.518153,0.20011,0.746049,0.288264,0.430009,0.487901,0.72516,0.234265,0.376388,0.22786,0.280452,0.576356,0.302831,0.311429,0.196219,0.101277,0.548733,0.176084,0.154697,0.272599,0.895769,0.45274,0.315572,0.689183,0.750711,0.724409,0.757929,0.238996,0.115941,0.25549,0.407965,0.550711,0.278477,0.421453,0.130543,0.259991,0.501129,0.795964,0.493224,0.1525,0.754026,0.419617,0.785558,0.320012,0.437529
0.538754,0.477125,0.544232,0.782987,0.627035,0.764515,0.39311,0.493423,0.762102,0.714857,0.390876,0.680308,0.46217,0.182544,0.386973,0.626604,0.793273,0.66655,0.345701,0.552193,0.621941,0.4218,0.400667,0.711598,0.707895,0.293768,0.369933,0.740819,0.637523,0.594796,0.485587,0.830737,0.557287,0.54544,1.0,0.506893,0.595783,0.604414,0.301135,0.340311,0.685661,0.719833,0.723153,0.2665,0.452555,0.502154,0.369031,0.40828,0.574701,0.636859,0.430648,0.657405,0.480745,0.379881,0.499376,0.366357,0.638549,0.334246,0.475044,0.55283,0.369328,0.564351,0.676116,0.431868,0.692838,0.463278,0.620926,0.716242,0.620768,0.584423,0.346321,0.291071,0.72684,0.322832,0.297485,0.755742,0.67971,0.655733,0.883868,0.48357,0.753568,0.597145,0.663229,0.417705,0.253832,0.374643,0.71196,0.757261,0.463154,0.547478,0.323655,0.303536,0.702607,0.718174,0.700079,0.334743,0.456032,0.613279,0.566164,0.671999,0.679489
0.457717,0.573456,0.50437,0.536938,0.456118,0.380342,0.242897,0.914665,0.35321,0.367085,0.689617,0.634199,0.420547,0.178724,0.229903,0.718635,0.412945,0.483116,0.315956,0.8286,0.602257,0.37124,0.472736,0.510584,0.428823,0.311972,0.422263,0.611348,0.477474,0.717222,0.424138,0.43989,0.399734,0.418685,0.506893,1.0,0.811654,0.516904,0.344074,0.475001,0.289529,0.498217,0.483339,0.263677,0.782356,0.422114,0.302147,0.525801,0.342891,0.579423,0.339481,0.637858,0.624067,0.301083,0.514418,0.484344,0.515213,0.319227,0.233712,0.427163,0.374037,0.36333,0.435114,0.409144,0.530607,0.465023,0.561391,0.256458,0.499678,0.401169,0.448339,0.173156,0.40769,0.196758,0.153442,0.299536,0.550338,0.665408,0.347595,0.345741,0.352155,0.51208,0.586781,0.559545,0.192876,0.483749,0.507375,0.426001,0.569881,0.444739,0.11994,0.281113,0.50046,0.355279,0.293272,0.241947,0.498761,0.354514,0.587936,0.794925,0.345607
0.607794,0.521205,0.493611,0.531522,0.398062,0.510937,0.356091,0.751512,0.452988,0.460062,0.523338,0.736255,0.46907,0.239587,0.295031,0.698753,0.581327,0.53281,0.284886,0.776784,0.706551,0.431576,0.689035,0.508099,0.502239,0.272761,0.329732,0.646657,0.443042,0.78932,0.482675,0.500872,0.396586,0.515224,0.595783,0.811654,1.0,0.576667,0.235392,0.435177,0.413225,0.620819,0.562772,0.336077,0.67703,0.415929,0.222327,0.484233,0.382825,0.650197,0.328632,0.577482,0.548064,0.375224,0.422274,0.475309,0.491864,0.303182,0.386724,0.441508,0.470229,0.457473,0.529881,0.289319,0.568851,0.473593,0.603646,0.408241,0.478516,0.409992,0.368615,0.174267,0.4235,0.22382,0.160381,0.307535,0.705356,0.748747,0.418376,0.537864,0.439706,0.766693,0.768619,0.517333,0.164541,0.411885,0.501464,0.450044,0.428044,0.398456,0.151672,0.183301,0.716867,0.51936,0.413683,0.259432,0.728362,0.354811,0.66866,0.798116,0.477011
0.575973,0.42772,0.592606,0.667625,0.58853,0.547212,0.199401,0.485043,0.638879,0.419186,0.55481,0.638197,0.613046,0.209068,0.242061,0.676692,0.707752,0.551904,0.319397,0.515731,0.640585,0.398898,0.381817,0.663727,0.555057,0.242625,0.377779,0.641136,0.555628,0.495682,0.413621,0.487786,0.580157,0.448685,0.604414,0.516904,0.576667,1.0,0.437555,0.426498,0.478812,0.606152,0.652329,0.233031,0.415981,0.5649,0.416752,0.451463,0.494846,0.627359,0.383642,0.500944,0.52737,0.341644,0.595598,0.673804,0.510094,0.2847,0.510599,0.411766,0.550626,0.501551,0.487953,0.221577,0.734667,0.440761,0.557453,0.470286,0.534039,0.541555,0.678821,0.194899,0.585983,0.204248,0.21056,0.45817,0.531155,0.562642,0.557483,0.44152,0.569903,0.586831,0.595306,0.428739,0.258104,0.637669,0.715731,0.548448,0.480904,0.484283,0.128221,0.486379,0.457649,0.582908,0.516184,0.231613,0.482038,0.426625,0.531652,0.515348,0.559905
0.255324,0.527441,0.732058,0.354398,0.240498,0.118372,0.0403839,0.354294,0.241074,0.157742,0.416832,0.356634,0.360934,0.193594,0.285048,0.262003,0.254892,0.443955,0.697887,0.274217,0.308114,0.347317,0.065211,0.334197,0.167018,0.262302,0.698126,0.217464,0.272204,0.198338,0.457509,0.252394,0.132294,0.193566,0.301135,0.344074,0.235392,0.437555,1.0,0.611634,0.19083,0.338849,0.219656,0.215788,0.26985,0.687109,0.843074,0.676585,0.104745,0.353522,0.322984,0.366022,0.571669,0.379909,0.319153,0.508618,0.271244,0.44074,0.243683,0.326147,0.0791852,0.303173,0.213666,0.21359,0.266984,0.261963,0.348756,0.184263,0.184292,0.237356,0.490641,0.561613,0.223116,0.426899,0.579578,0.150881,0.238798,0.249952,0.20174,0.141144,0.199622,0.218087,0.226894,0.545862,0.577957,0.756818,0.257767,0.303421,0.579216,0.25025,0.391182,0.89079,0.141342,0.239689,0.156086,0.536517,0.159444,0.290705,0.303203,0.306491,0.215827
0.255525,0.596391,0.627871,0.397958,0.280336,0.30752,0.269582,0.464859,0.347461,0.189658,0.451348,0.510618,0.364053,0.216918,0.252473,0.364615,0.338132,0.555301,0.371601,0.54285,0.484063,0.358654,0.214839,0.438223,0.240199,0.362723,0.522154,0.34963,0.330054,0.380749,0.43867,0.28194,0.322713,0.106635,0.340311,0.475001,0.435177,0.426498,0.611634,1.0,0.105607,0.418146,0.321343,0.247974,0.412669,0.749816,0.496132,0.635225,0.204409,0.486467,0.0801004,0.54444,0.714688,0.206295,0.381668,0.640632,0.337354,0.206589,0.220772,0.315486,0.113352,0.40899,0.0801929,0.253159,0.402828,0.3752,0.566913,0.295424,0.350279,0.383034,0.472397,0.243968,0.332831,0.148917,0.237669,0.12739,0.182926,0.413088,0.220353,0.258346,0.200308,0.323674,0.269269,0.624094,0.259978,0.634828,0.284185,0.371642,0.624678,0.400202,0.0781989,0.470824,0.344671,0.23988,0.23322,0.278791,0.319523,0.269993,0.322733,0.540324,0.293272
0.600161,0.278527,0.392865,0.585375,0.559838,0.632507,0.200501,0.280328,0.686793,0.667859,0.304758,0.646029,0.515808,0.136299,0.183885,0.354232,0.743729,0.565195,0.205627,0.239699,0.61044,0.252453,0.401415,0.443996,0.447899,0.169756,0.223723,0.528903,0.498357,0.434729,0.316055,0.668664,0.473599,0.778298,0.685661,0.289529,0.413225,0.478812,0.19083,0.105607,1.0,0.555456,0.522068,0.110452,0.263833,0.249868,0.228618,0.288947,0.664927,0.517237,0.373071,0.444103,0.315279,0.288715,0.496544,0.222935,0.546475,0.228131,0.69223,0.380411,0.399941,0.580532,0.741564,0.124403,0.462469,0.284571,0.449272,0.79545,0.383424,0.332812,0.159634,0.185004,0.825312,0.232773,0.234331,0.37056,0.813393,0.386626,0.454634,0.530016,0.935109,0.680933,0.706831,0.235058,0.182462,0.284956,0.504223,0.666177,0.278802,0.402395,0.19653,0.227287,0.633901,0.890103,0.856959,0.192602,0.505774,0.519467,0.640673,0.397986,0.682955
0.539609,0.476476,0.587159,0.726136,0.450207,0.622871,0.435022,0.456423,0.731114,0.671289,0.341743,0.545979,0.355704,0.25689,0.2735,0.527962,0.701707,0.676408,0.347572,0.518998,0.562202,0.347987,0.40987,0.735486,0.555395,0.329289,0.342131,0.693565,0.563125,0.593834,0.478637,0.747663,0.512972,0.424409,0.719833,0.498217,0.620819,0.606152,0.338849,0.418146,0.555456,1.0,0.582704,0.370108,0.387434,0.569057,0.361455,0.499662,0.488278,0.533135,0.495647,0.745219,0.425723,0.465159,0.381401,0.394186,0.578538,0.291069,0.379257,0.449023,0.409234,0.423763,0.684887,0.144524,0.606393,0.55043,0.529108,0.554567,0.59245,0.535124,0.369658,0.283754,0.613181,0.320659,0.268532,0.413913,0.652218,0.689395,0.592718,0.350025,0.531678,0.621981,0.698784,0.437544,0.233783,0.413086,0.546325,0.74959,0.383765,0.483405,0.247157,0.338221,0.66218,0.598462,0.622302,0.325457,0.490996,0.687262,0.54406,0.638066,0.621389
